     1   1.00000E+00  -3.3157E+00   2.9048E-01  -3.0862E-03  -4.9132E-02
     2   4.00000E+00   2.6066E+00  -6.9082E+00   2.4274E-03   2.9227E-01
     3   1.00000E+01   7.1416E+00   4.1008E+00   6.6687E-03  -6.9604E-02
     4   1.30000E+01   1.2408E+01   7.5226E+00   1.1613E-02  -9.8454E-02
     5   2.10000E+01   1.8553E+00  -6.8758E+00   1.7517E-03   5.6238E-02
     6   3.10000E+01  -6.0232E+01   3.4166E+01  -5.7816E-02  -1.9272E-01
     7   4.40000E+01   8.5983E+00  -9.9286E+00   8.5063E-03   4.0767E-02
     8   6.40000E+01   6.5059E+00  -3.2849E+01   6.8568E-03   9.9331E-02
     9   9.00000E+01  -7.0751E+01  -3.8800E+01  -8.2916E-02   9.3712E-02
    10   1.10000E+02   2.5579E+01  -1.1719E-01   3.2932E-02   2.5695E-04
    11   1.70000E+02  -6.7725E+00  -2.7221E+00  -1.1843E-02   5.4639E-03
    12   2.50000E+02  -6.7450E+00  -6.4086E+00  -1.7325E-02   1.3876E-02
    13   3.70000E+02  -2.5935E+00   8.5067E+00  -1.0408E-02  -2.2631E-02
    14   5.20000E+02   3.2563E+00   5.6397E-01   1.8857E-02  -1.9298E-03
    15   7.50000E+02   3.7246E+00  -5.3239E+00   2.9592E-02   2.4978E-02
    16   1.00000E+03   8.8152E-01  -6.9437E+00   8.3563E-03   4.2523E-02
