 
   0  ZZRRF C .0000D+00C         0 .0000D+00     7   -11
   16   40   99    0    3    0    0    1    1 .0000D+00
  .10000000D+03  .00000000D+00  .10000000D-05  .10000000D+04  .00000000D+00
  .00000000D+00  .00000000D+00  .00000000D+00  .00000000D+00  .00000000D+00
  .00000000D+00  .00000000D+00  .00000000D+00  .00000000D+00  .00000000D+00
  .00000000D+00  .00000000D+00  .00000000D+00  .00000000D+00  .00000000D+00
  .00000000D+00  .00000000D+00  .00000000D+00  .00000000D+00  .00000000D+00
  .00000000D+00  .00000000D+00  .00000000D+00  .00000000D+00  .00000000D+00
  .00000000D+00  .10000000D+01  .00000000D+00  .00000000D+00  .00000000D+00
  .00000000D+00  .00000000D+00  .00000000D+00  .00000000D+00  .00000000D+00
1011000000000000000000000000000000000000
    1       .1000000000000D+01       .1076725985513D+04      -.4735312687327D+01
    2       .4000000000000D+01       .1084066345231D+04      -.2580402021166D+02
    3       .1000000000000D+02       .1075849459972D+04      -.3933625426038D+02
    4       .1300000000000D+02       .1067046846352D+04      -.6654299493748D+02
    5       .2100000000000D+02       .1078513945958D+04      -.1154654013785D+03
    6       .3100000000000D+02       .1036100004543D+04      -.1832014818471D+03
    7       .4400000000000D+02       .1029349685014D+04      -.2616409888505D+03
    8       .6400000000000D+02       .9499121854552D+03      -.3229737972449D+03
    9       .9000000000000D+02       .8841999948290D+03      -.4251354452632D+03
   10       .1100000000000D+03       .8009606098308D+03      -.4798248322941D+03
   11       .1700000000000D+03       .5786947810659D+03      -.5035411679270D+03
   12       .2500000000000D+03       .3961700216467D+03      -.4638261792721D+03
   13       .3700000000000D+03       .2590303514679D+03      -.3866495722718D+03
   14       .5200000000000D+03       .1815596963544D+03      -.2977297750662D+03
   15       .7500000000000D+03       .1324093686221D+03      -.2230361237567D+03
   16       .1000000000000D+04       .1126436275552D+03      -.1728871055163D+03
