            .1000000000000E+01       .1059246423870E+04      -.2522531514127E+01
            .4000000000000E+01       .1083888960584E+04      -.2319035605836E+02
            .1000000000000E+02       .1071729879787E+04      -.3943331627329E+02
            .1300000000000E+02       .1071724672257E+04      -.7200306098021E+02
            .2100000000000E+02       .1076546401851E+04      -.1200170793810E+03
            .3100000000000E+02       .1079929702723E+04      -.1842682620724E+03
            .4400000000000E+02       .1019569316449E+04      -.2800355562072E+03
            .6400000000000E+02       .1014067195169E+04      -.3332793193927E+03
            .9000000000000E+02       .8344258819594E+03      -.4263890319293E+03
            .1100000000000E+03       .8093650625477E+03      -.4728705603832E+03
            .1700000000000E+03       .5816950019100E+03      -.4951969125338E+03
            .2500000000000E+03       .3990020006279E+03      -.4708004346905E+03
            .3700000000000E+03       .2578903441603E+03      -.3771366221467E+03
            .5200000000000E+03       .1835082198509E+03      -.2966869049736E+03
            .7500000000000E+03       .1319086786844E+03      -.2206936777230E+03
            .1000000000000E+04       .1105379696153E+03      -.1731727145695E+03
           -.1000000000000E+01
            .1000000000000E+01       .1090033457787E+04      -.5897732235885E+01
            .4000000000000E+01       .1089516375065E+04      -.2357883295620E+02
            .1000000000000E+02       .1086630482912E+04      -.5877830999943E+02
            .1300000000000E+02       .1084272261991E+04      -.7623251585641E+02
            .2100000000000E+02       .1075082893795E+04      -.1220162691474E+03
            .3100000000000E+02       .1057975710616E+04      -.1770178278686E+03
            .4400000000000E+02       .1027437965215E+04      -.2433931299186E+03
            .6400000000000E+02       .9661476122999E+03      -.3310863713960E+03
            .9000000000000E+02       .8712892930450E+03      -.4156627763963E+03
            .1100000000000E+03       .7948738791396E+03      -.4588741967139E+03
            .1700000000000E+03       .5887520684756E+03      -.5042445752464E+03
            .2500000000000E+03       .4029896241443E+03      -.4699427276628E+03
            .3700000000000E+03       .2590481770793E+03      -.3840504926821E+03
            .5200000000000E+03       .1799714431605E+03      -.2992697337071E+03
            .7500000000000E+03       .1313934281903E+03      -.2185690252883E+03
            .1000000000000E+04       .1102113769182E+03      -.1675487544789E+03
           -.1000000000000E+01
