  0.0000E+00  3.024997006451E+00  4.018366E-01  3.037439828499E+00  7.706851E-01
  6.0206E-01  3.034984793018E+00  1.365307E+00  3.037233761931E+00  1.372522E+00
  1.0000E+00  3.030085338994E+00  1.595863E+00  3.036081883999E+00  1.769217E+00
  1.1139E+00  3.030083228755E+00  1.857351E+00  3.035138347732E+00  1.882140E+00
  1.3222E+00  3.032032753745E+00  2.079243E+00  3.031441951628E+00  2.086418E+00
  1.4914E+00  3.033395486308E+00  2.265451E+00  3.024475697126E+00  2.248017E+00
  1.6435E+00  3.008416757067E+00  2.447213E+00  3.011755609450E+00  2.386308E+00
  1.8062E+00  3.006066733621E+00  2.522808E+00  2.985043484914E+00  2.519941E+00
  1.9542E+00  2.921387766437E+00  2.629806E+00  2.940162377181E+00  2.618741E+00
  2.0414E+00  2.908144453490E+00  2.674742E+00  2.900298225589E+00  2.661694E+00
  2.2304E+00  2.764695332232E+00  2.694778E+00  2.769932445956E+00  2.702641E+00
  2.3979E+00  2.600975073279E+00  2.672837E+00  2.605293864417E+00  2.672045E+00
  2.5682E+00  2.411435081741E+00  2.576499E+00  2.413380540506E+00  2.584388E+00
  2.7160E+00  2.263655522299E+00  2.472298E+00  2.255203599205E+00  2.476063E+00
  2.8751E+00  2.120273370078E+00  2.343790E+00  2.118573643975E+00  2.339589E+00
  3.0000E+00  2.043511483107E+00  2.238479E+00  2.042226428252E+00  2.224141E+00
