  1.0000E+00  6.947837554610E+04  3.515421E+05  6.270869403082E+04  3.596212E+05
  3.0000E+00  3.079741036009E+04  1.376922E+05  2.939897429134E+04  1.346694E+05
  4.0000E+00  3.131656352706E+04  1.050446E+05  2.451746182908E+04  1.048711E+05
  7.0000E+00  1.560446116451E+04  6.857703E+04  1.712806861845E+04  6.545186E+04
  1.0000E+01  1.304673917128E+04  5.011162E+04  1.330391151885E+04  4.903057E+04
  1.3000E+01  1.083115701898E+04  4.044714E+04  1.078835410110E+04  3.981220E+04
  2.1000E+01  7.432252345715E+03  2.758606E+04  6.854563398218E+03  2.718842E+04
  2.7000E+01  4.894838639620E+03  2.201534E+04  5.210387390347E+03  2.212532E+04
  3.1000E+01  4.403622283581E+03  1.945127E+04  4.445583829350E+03  1.969573E+04
  3.7000E+01  3.480894212701E+03  1.706117E+04  3.611464055624E+03  1.690955E+04
  4.4000E+01  2.907209933856E+03  1.449151E+04  2.945651075169E+03  1.450646E+04
  5.1000E+01  2.617719919090E+03  1.264217E+04  2.485825790976E+03  1.269331E+04
  6.4000E+01  1.954167929953E+03  1.030567E+04  1.944364649291E+03  1.028887E+04
  7.3000E+01  1.759517572869E+03  8.980300E+03  1.707396715599E+03  9.089627E+03
  8.3000E+01  1.626976597766E+03  8.093467E+03  1.520476055090E+03  8.043726E+03
  9.0000E+01  1.569020076654E+03  7.484040E+03  1.421795320315E+03  7.442536E+03
  9.7000E+01  1.563988616041E+03  6.786974E+03  1.342011114913E+03  6.924026E+03
  1.1000E+02  1.378845494382E+03  6.167975E+03  1.229575693662E+03  6.129211E+03
  1.3000E+02  1.291556411879E+03  5.241454E+03  1.114587400788E+03  5.207057E+03
  1.7000E+02  1.129298844821E+03  4.046542E+03  9.901568226039E+02  3.999655E+03
  2.5000E+02  1.003403974624E+03  2.791821E+03  8.926323187439E+02  2.729694E+03
  3.7000E+02  9.666668825517E+02  1.902294E+03  8.458109084732E+02  1.847787E+03
  5.2000E+02  8.947319062904E+02  1.359840E+03  8.260902061350E+02  1.315842E+03
  7.5000E+02  8.533481432685E+02  9.725331E+02  8.154934627475E+02  9.127346E+02
  1.0000E+03  8.414590482443E+02  6.902329E+02  8.111771506047E+02  6.846841E+02
  1.3000E+03  8.238744531518E+02  5.320064E+02  8.089038987954E+02  5.267359E+02
  2.1000E+03  7.777857970704E+02  2.497969E+02  8.068660751060E+02  3.261070E+02
  3.1000E+03  7.418244297013E+02  8.827307E+01  8.061792310782E+02  2.209190E+02
  5.0000E+03  6.936650399727E+02  9.323093E+01  8.058201025800E+02  1.369725E+02
