            .1000000000000E+01       .1090033457787E+04      -.5897732235885E+01
            .4000000000000E+01       .1089516375065E+04      -.2357883295620E+02
            .1000000000000E+02       .1086630482912E+04      -.5877830999943E+02
            .1300000000000E+02       .1084272261991E+04      -.7623251585641E+02
            .2100000000000E+02       .1075082893795E+04      -.1220162691474E+03
            .3100000000000E+02       .1057975710616E+04      -.1770178278686E+03
            .4400000000000E+02       .1027437965215E+04      -.2433931299186E+03
            .6400000000000E+02       .9661476122999E+03      -.3310863713960E+03
            .9000000000000E+02       .8712892930450E+03      -.4156627763963E+03
            .1100000000000E+03       .7948738791396E+03      -.4588741967139E+03
            .1700000000000E+03       .5887520684756E+03      -.5042445752464E+03
            .2500000000000E+03       .4029896241443E+03      -.4699427276628E+03
            .3700000000000E+03       .2590481770793E+03      -.3840504926821E+03
            .5200000000000E+03       .1799714431605E+03      -.2992697337071E+03
            .7500000000000E+03       .1313934281903E+03      -.2185690252883E+03
            .1000000000000E+04       .1102113769182E+03      -.1675487544789E+03
