                                                                                
   0  ZZRRF C .1000D+01C         0 .0000D+00     7   -11  .0000D+00   .0000D+00
   16   40   99    0    3    0    0    1    1 .0000D+00   .5930D-01   .4993D+00
  .78880516D+02  .00000000D+00  .93496754D-06  .10121673D+04  .00000000D+00
  .00000000D+00  .00000000D+00  .00000000D+00  .00000000D+00  .00000000D+00
  .00000000D+00  .00000000D+00  .00000000D+00  .00000000D+00  .00000000D+00
  .00000000D+00  .00000000D+00  .00000000D+00  .00000000D+00  .00000000D+00
  .00000000D+00  .00000000D+00  .00000000D+00  .00000000D+00  .00000000D+00
  .00000000D+00  .00000000D+00  .00000000D+00  .00000000D+00  .00000000D+00
  .00000000D+00  .10000000D+01  .00000000D+00  .00000000D+00  .00000000D+00
  .00000000D+00  .00000000D+00  .00000000D+00  .00000000D+00  .00000000D+00
10110000000000000000000000000000000000000000000000
    1       .1000000000000D+01       .1064343318112D+04       .3621491780979D+01
    2       .4000000000000D+01       .1081964486328D+04      -.3038551419509D+02
    3       .1000000000000D+02       .1071416945755D+04      -.5559888690294D+02
    4       .1300000000000D+02       .1072750529603D+04      -.8800736411628D+02
    5       .2100000000000D+02       .1058162864286D+04      -.1254266630941D+03
    6       .3100000000000D+02       .1079781884185D+04      -.1503420116612D+03
    7       .4400000000000D+02       .1005395697114D+04      -.2540007652371D+03
    8       .6400000000000D+02       .9695754962553D+03      -.3368249093134D+03
    9       .9000000000000D+02       .8650683242331D+03      -.4191351690109D+03
   10       .1100000000000D+03       .7888692489983D+03      -.5670463775730D+03
   11       .1700000000000D+03       .5704801919477D+03      -.4917241841194D+03
   12       .2500000000000D+03       .3964334196547D+03      -.4697525527282D+03
   13       .3700000000000D+03       .2469012409381D+03      -.3774118814313D+03
   14       .5200000000000D+03       .1741603165295D+03      -.2961139374845D+03
   15       .7500000000000D+03       .1307808831818D+03      -.2181490377055D+03
   16       .1000000000000D+04       .1085683568216D+03      -.1716541939476D+03
