     1   1.00000E+00   6.7697E+03   8.0791E+03   1.0795E-01  -2.2465E-02
     2   3.00000E+00   1.3984E+03  -3.0228E+03   4.7568E-02   2.2446E-02
     3   4.00000E+00   6.7991E+03  -1.7344E+02   2.7732E-01   1.6538E-03
     4   7.00000E+00  -1.5236E+03  -3.1252E+03  -8.8954E-02   4.7748E-02
     5   1.00000E+01  -2.5717E+02  -1.0811E+03  -1.9331E-02   2.2049E-02
     6   1.30000E+01   4.2803E+01  -6.3494E+02   3.9675E-03   1.5948E-02
     7   2.10000E+01   5.7769E+02  -3.9764E+02   8.4278E-02   1.4625E-02
     8   2.70000E+01  -3.1555E+02   1.0997E+02  -6.0561E-02  -4.9705E-03
     9   3.10000E+01  -4.1962E+01   2.4447E+02  -9.4389E-03  -1.2412E-02
    10   3.70000E+01  -1.3057E+02  -1.5162E+02  -3.6154E-02   8.9666E-03
    11   4.40000E+01  -3.8441E+01   1.4948E+01  -1.3050E-02  -1.0304E-03
    12   5.10000E+01   1.3189E+02   5.1145E+01   5.3058E-02  -4.0293E-03
    13   6.40000E+01   9.8033E+00  -1.6799E+01   5.0419E-03   1.6328E-03
    14   7.30000E+01   5.2121E+01   1.0933E+02   3.0527E-02  -1.2028E-02
    15   8.30000E+01   1.0650E+02  -4.9742E+01   7.0044E-02   6.1839E-03
    16   9.00000E+01   1.4722E+02  -4.1504E+01   1.0355E-01   5.5765E-03
    17   9.70000E+01   2.2198E+02   1.3705E+02   1.6541E-01  -1.9794E-02
    18   1.10000E+02   1.4927E+02  -3.8764E+01   1.2140E-01   6.3245E-03
    19   1.30000E+02   1.7697E+02  -3.4396E+01   1.5878E-01   6.6057E-03
    20   1.70000E+02   1.3914E+02  -4.6888E+01   1.4053E-01   1.1723E-02
    21   2.50000E+02   1.1077E+02  -6.2127E+01   1.2410E-01   2.2760E-02
    22   3.70000E+02   1.2086E+02  -5.4507E+01   1.4289E-01   2.9498E-02
    23   5.20000E+02   6.8642E+01  -4.3998E+01   8.3092E-02   3.3437E-02
    24   7.50000E+02   3.7855E+01  -5.9798E+01   4.6419E-02   6.5516E-02
    25   1.00000E+03   3.0282E+01  -5.5489E+00   3.7331E-02   8.1043E-03
    26   1.30000E+03   1.4971E+01  -5.2705E+00   1.8507E-02   1.0006E-02
    27   2.10000E+03  -2.9080E+01   7.6310E+01  -3.6041E-02  -2.3400E-01
    28   3.10000E+03  -6.4355E+01   1.3265E+02  -7.9827E-02  -6.0043E-01
    29   5.00000E+03  -1.1216E+02   2.3020E+02  -1.3918E-01  -1.6807E+00
