 
   0  ZZRRF C .0000D+00C         0 .0000D+00     7   -11
   15   40   99    0    3    0    0    1    1 .0000D+00
  .54213783D+03  .00000000D+00  .24213154D-06  .52904248D+04  .00000000D+00
  .00000000D+00  .47316531D-06  .00000000D+00  .84000000D-00  .20000000D+01
  .00000000D+00  .00000000D+00  .00000000D+00  .00000000D+00  .00000000D+00
  .00000000D+00  .00000000D+00  .00000000D+00  .00000000D+00  .00000000D+00
  .00000000D+00  .00000000D+00  .00000000D+00  .00000000D+00  .00000000D+00
  .00000000D+00  .00000000D+00  .00000000D+00  .00000000D+00  .00000000D+00
  .00000000D+00  .00000000D+00  .00000000D+00  .00000000D+00  .00000000D+00
  .00000000D+00  .00000000D+00  .00000000D+00  .00000000D+00  .00000000D+00
1011001000000000000000000000000000000000
    1       .1000000000000D+02       .6191708153044D+04      -.3238892966997D+05
    2       .1389495494373D+02       .4803021072787D+04      -.2498788231906D+05
    3       .1930697728883D+02       .3730708345225D+04      -.1893728005338D+05
    4       .2682695795280D+02       .3128806865238D+04      -.1352591075304D+05
    5       .3727593720315D+02       .2635932101760D+04      -.1028221496462D+05
    6       .5179474679231D+02       .2257091868729D+04      -.7293375026152D+04
    7       .7196856730012D+02       .1761591133270D+04      -.5579183786980D+04
    8       .1000000000000D+03       .1582873550654D+04      -.4390398652286D+04
    9       .1389495494373D+03       .1424480797214D+04      -.3172571984441D+04
   10       .1930697728883D+03       .1154415421890D+04      -.2616297241354D+04
   11       .2682695795280D+03       .1001156411939D+04      -.2055457707414D+04
   12       .3727593720315D+03       .8593325289999D+03      -.1488682930734D+04
   13       .5179474679231D+03       .7391189555042D+03      -.1186208122248D+04
   14       .7196856730012D+03       .6506550552018D+03      -.8535283840911D+03
   15       .1000000000000D+04       .5864338341959D+03      -.6373862162057D+03
