  1.0000E+00  3.791810477631E+00  4.510397E+00  3.797034863405E+00  4.518274E+00
  1.1429E+00  3.681514492068E+00  4.397729E+00  3.688832704755E+00  4.390023E+00
  1.2857E+00  3.571791298623E+00  4.277318E+00  3.587137475848E+00  4.261896E+00
  1.4286E+00  3.495378755875E+00  4.131167E+00  3.492712530001E+00  4.134076E+00
  1.5714E+00  3.420934219196E+00  4.012087E+00  3.406020764599E+00  4.006834E+00
  1.7143E+00  3.353549236202E+00  3.862929E+00  3.327082791167E+00  3.880563E+00
  1.8571E+00  3.245905115671E+00  3.746571E+00  3.255355125089E+00  3.755830E+00
  2.0000E+00  3.199446222224E+00  3.642504E+00  3.189645081470E+00  3.633399E+00
  2.1429E+00  3.153656599086E+00  3.501411E+00  3.128080237074E+00  3.514196E+00
  2.2857E+00  3.062362119885E+00  3.417687E+00  3.068187293143E+00  3.399098E+00
  2.4286E+00  3.000501933159E+00  3.312909E+00  3.007236110580E+00  3.288432E+00
  2.5714E+00  2.934161251799E+00  3.172802E+00  2.943117344187E+00  3.181234E+00
  2.7143E+00  2.868714340373E+00  3.074161E+00  2.875850845073E+00  3.074795E+00
  2.8571E+00  2.813350808344E+00  2.931218E+00  2.808921804957E+00  2.965309E+00
  3.0000E+00  2.768219018899E+00  2.804403E+00  2.748593536839E+00  2.849580E+00
