  1.0000E+01  6.191708153044E+03  3.238893E+04  6.266641687190E+03  3.298176E+04
  1.3895E+01  4.803021072787E+03  2.498788E+04  4.884641610667E+03  2.454836E+04
  1.9307E+01  3.730708345225E+03  1.893728E+04  3.864893008177E+03  1.827663E+04
  2.6827E+01  3.128806865238E+03  1.352591E+04  3.109657298501E+03  1.361685E+04
  3.7276E+01  2.635932101760E+03  1.028221E+04  2.546952025199E+03  1.015860E+04
  5.1795E+01  2.257091868729E+03  7.293375E+03  2.123649262547E+03  7.595618E+03
  7.1969E+01  1.761591133270E+03  5.579184E+03  1.800342463760E+03  5.699411E+03
  1.0000E+02  1.582873550654E+03  4.390399E+03  1.547551396385E+03  4.299312E+03
  1.3895E+02  1.424480797214E+03  3.172572E+03  1.343013063495E+03  3.267353E+03
  1.9307E+02  1.154415421890E+03  2.616297E+03  1.170003856225E+03  2.506678E+03
  2.6827E+02  1.001156411939E+03  2.055458E+03  1.016801341626E+03  1.942819E+03
  3.7276E+02  8.593325289999E+02  1.488683E+03  8.772378143758E+02  1.517867E+03
  5.1795E+02  7.391189555042E+02  1.186208E+03  7.513647995369E+02  1.187942E+03
  7.1969E+02  6.506550552018E+02  8.535284E+02  6.440532928026E+02  9.232272E+02
  1.0000E+03  5.864338341959E+02  6.373862E+02  5.605231278921E+02  7.072619E+02
