            .1000000000000E+02       .6266641687190E+04      -.3298176339437E+05
            .1389495494373E+02       .4884641610667E+04      -.2454836449967E+05
            .1930697728883E+02       .3864893008177E+04      -.1827662699841E+05
            .2682695795280E+02       .3109657298501E+04      -.1361684505612E+05
            .3727593720315E+02       .2546952025199E+04      -.1015859546162E+05
            .5179474679231E+02       .2123649262547E+04      -.7595617839320E+04
            .7196856730012E+02       .1800342463760E+04      -.5699411336542E+04
            .1000000000000E+03       .1547551396385E+04      -.4299312025218E+04
            .1389495494373E+03       .1343013063495E+04      -.3267353032736E+04
            .1930697728883E+03       .1170003856225E+04      -.2506677554931E+04
            .2682695795280E+03       .1016801341626E+04      -.1942818962739E+04
            .3727593720315E+03       .8772378143758E+03      -.1517866772294E+04
            .5179474679231E+03       .7513647995369E+03      -.1187941664083E+04
            .7196856730012E+03       .6440532928026E+03      -.9232271980399E+03
            .1000000000000E+04       .5605231278921E+03      -.7072619097918E+03
